                LOC	9			
000011 000012   Data	10			
000012 000003   Data 	3			
000013 002000   Data	End			
000014 000000   Data	0
000015 000014   Data	12
000016 000011   Data	9
000017 000022   Data	18
000020 000014   Data	12
000021 010207   LDX	2,7   			
000022 003412   LDR	3,0,10			
000023 003212   LDR	2,2,10			
000024 002652   LDR	1,2,10,1		
000025 006000   LDA	0,0,0			
000026 010110   LDX	1,8			
000027 110400   SETCCE 1			
000030 014100   JZ	1,0			
                LOC	1024
002000 000000   HLT	
